*************
1000
1
0.000148
11984
7206


1
0.000382
29621
11484


1
0.000438
37512
15785


1
0.000111
12268
7556


1
0.000145
24297
21679


*************
5000
1
0.000661
76383
54912


1
0.001741
207153
74511


1
0.002692
246113
94420


1
0.000716
70736
47180


1
0.000666
120054
103178


*************
10000
1
0.00214
197570
145421


1
0.005864
544848
188597


1
0.006052
612672
227082


1
0.001857
181996
125044


1
0.00159
236826
189267


*************
50000
1
0.020367
2521439
2262596


1
0.034278
7409281
2497932


1
0.038014
7696084
2676614


1
0.018188
2486908
2218995


1
0.008603
1276367
986747


*************
100000
1
0.059193
8969773
8316406


1
0.101395
25981030
8729521


1
0.109571
26727990
9107905


1
0.057576
8932756
8269746


1
0.039749
6252802
5535825


*************
500000
1
1.20048
196788208
194427270


1
1.88434
589427534
196613603


1
1.89968
591161996
198198461


1
1.19231
196748971
194377867


1
1.16792
191840200
189376309


