*************
1000
1
0.000156
10560
5986


1
0.000337
30377
11429


1
0.000492
39340
16017


1
9.4e-05
10800
6310


1
0.000105
20814
17896


*************
5000
1
0.000638
78503
48697


1
0.001739
209374
73693


1
0.002241
256346
92814


1
0.000564
72587
40648


1
0.000643
121185
96577


*************
10000
1
0.001673
190439
136844


1
0.00418
539605
187719


1
0.005009
625803
227334


1
0.001508
174731
116347


1
0.001352
224942
175853


*************
50000
1
0.019046
2633420
2275082


1
0.032974
7334232
2495890


1
0.036308
7722673
2675790


1
0.017411
2598817
2231387


1
0.00849
1398563
1010164


*************
100000
1
0.060297
9020177
8432207


1
0.097558
26145540
8795806


1
0.105369
26726217
9144178


1
0.057085
8983084
8385460


1
0.039357
6313465
5662565


*************
500000
1
1.20712
199088372
195830656


1
1.89412
590359971
197012231


1
1.9406
592223087
198620771


1
1.22028
199049187
195781324


1
1.22128
194131379
190770473


