*************
1000
1
0.000143
10364
5608


1
0.000408
29277
11369


1
0.000534
37449
15271


1
0.000107
10559
5786


1
0.000126
24607
21765


*************
5000
1
0.000837
82955
57730


1
0.002096
210724
75708


1
0.003258
246568
95061


1
0.000736
77070
49670


1
0.000756
125911
105114


*************
10000
1
0.001875
199972
151224


1
0.004914
545447
187612


1
0.005335
605079
224923


1
0.001605
184688
131241


1
0.001541
238217
193625


*************
50000
1
0.019099
2516394
2244458


1
0.034876
7346719
2482651


1
0.036054
7600856
2651564


1
0.017343
2481788
2200735


1
0.008625
1265773
962521


*************
100000
1
0.059016
8999150
8376287


1
0.100042
26377318
8850948


1
0.104174
27025081
9191324


1
0.056234
8962438
8329992


1
0.039489
6302737
5616633


*************
500000
1
1.19409
197947798
195327885


1
1.90295
590341417
197175764


1
1.94308
595388690
199668711


1
1.19666
197908544
195278476


1
1.16419
192995033
190272122


