*************
1000
1
0.000128
11929
7746


1
0.000356
30944
11201


1
0.000428
38027
15802


1
0.000134
12120
8044


1
0.000146
24332
22012


*************
5000
1
0.000842
77213
50412


1
0.002894
215487
76161


1
0.003472
244150
94720


1
0.000723
71125
42101


1
0.000872
116658
94241


*************
10000
1
0.003312
198540
141536


1
0.004116
542664
186737


1
0.005077
621410
226144


1
0.001461
182898
121126


1
0.001325
235267
182864


*************
50000
1
0.019117
2530025
2261137


1
0.033343
7310474
2482067


1
0.036775
7624938
2659605


1
0.017805
2495498
2217528


1
0.008872
1289610
989661


*************
100000
1
0.059735
8837990
8246984


1
0.106527
26036236
8735382


1
0.115072
26573919
9103596


1
0.05734
8800899
8200257


1
0.038902
6100747
5445307


*************
500000
