*************
1000
1
0.000171
11472
6718


1
0.000545
30164
11530


1
0.00068
39422
15570


1
0.000117
11744
7066


1
0.000158
22978
20105


*************
5000
1
0.0009
79934
56807


1
0.002817
207999
73157


1
0.003469
244878
93883


1
0.000758
73917
48521


1
0.000959
120925
102666


*************
10000
1
0.002005
199799
148510


1
0.005852
544488
190412


1
0.007048
608175
228244


1
0.001786
184509
128544


1
0.001706
235386
188018


*************
50000
1
0.024508
2534514
2276770


1
0.048586
7428017
2508452


1
0.055064
7766334
2682931


1
0.023818
2499813
2232929


1
0.01138
1303906
1015854


*************
100000
1
0.057602
8946145
8392312


1
0.098523
26065808
8747563


1
0.105676
26685954
9108592


1
0.05699
8909106
8345631


1
0.03873
6238199
5621271


*************
500000
1
1.17701
198147418
194567689


1
1.86716
589491678
196752320


1
1.91402
591676925
198471603


1
1.19525
198108109
194518211


1
1.15314
193185960
189502956


