*************
1000
1
0.000124
24607
21765


1
0.000896
242427
242427


1
0.000235
8721
9976


1
0.004287
499500
161014


1
3.2e-05
0
2000


*************
5000
1
0.00062
115618
94415


1
0.020543
6273204
6273204


1
0.001245
55263
61808


1
0.096489
12497500
2635654


1
0.000151
0
10000


*************
10000
1
0.001436
239474
192326


1
0.084968
24959709
24959709


1
0.002425
120447
133616


1
0.351446
49995000
7538316


1
0.000213
0
20000


*************
50000
1
0.008369
1324011
1010425


1
2.48013
625095843
625095843


1
0.012546
718139
784464


1
7.97924
1249975000
69915708


1
0.000955
0
100000


*************
100000
1
0.043767
6261072
5663707


1
9.23674
2493190708
2493190708


1
0.029596
1536319
1668928


1
33.3117
704982704
170365746


1
0.001839
0
200000


*************
500000
1
1.17484
192756135
189981725


1
251.153
2216612632
2216612632


1
0.131455
8836706
9475712


1
785.263
445698416
1184365986


1
0.013145
0
1000000


