*************
1000
1
0.000146
24297
21679


1
0.00087
253045
253045


1
0.000216
8680
9976


1
0.004277
499500
160585


1
3.5e-05
0
2000


*************
5000
1
0.000679
124545
96337


1
0.0204
6240971
6240971


1
0.001081
55257
61808


1
0.097164
12497500
2672653


1
0.000145
0
10000


*************
10000
1
0.001268
225889
179031


1
0.080555
24767235
24767235


1
0.002427
120398
133616


1
0.356794
49995000
7679646


1
0.000211
0
20000


*************
50000
1
0.009006
1273074
982199


1
2.00431
623117372
623117372


1
0.011987
718199
784464


1
7.29005
1249975000
70075535


1
0.001036
0
100000


*************
100000
1
0.041755
6202527
5574691


1
7.98611
2485539587
2485539587


1
0.024884
1536262
1668928


1
27.8824
704982704
171359436


1
0.001714
0
200000


*************
500000
1
1.28943
192340897
189382246


1
238.676
2365724627
2365724627


1
0.13324
8836549
9475712


1
768.713
445698416
1185483482


1
0.009113
0
1000000


