*************
1000
1
0.00021
20814
17896


1
0.001549
250674
250674


1
0.000346
8704
9976


1
0.00649
499500
159953


1
5.5e-05
0
2000


*************
5000
1
0.00082
124668
101916


1
0.037011
6238882
6238882


1
0.002105
55171
61808


1
0.167674
12497500
2638586


1
0.000126
0
10000


*************
10000
1
0.001571
237288
196223


1
0.147378
24786940
24786940


1
0.003277
120510
133616


1
0.594371
49995000
7551137


1
0.000208
0
20000


*************
50000
1
0.00962
1299099
964586


1
3.24552
625506444
625506444


1
0.021602
718218
784464


1
11.8295
1249975000
69958270


1
0.003343
0
100000


*************
100000
1
0.059442
6160128
5552778


1
13.1692
2493624688
2493624688


1
0.045451
1536352
1668928


1
45.2573
704982704
171506303


1
0.005635
0
200000


*************
500000
1
1.87848
192936214
189916327


1
334.776
2320444394
2320444394


1
0.240951
8837835
9475712


1
708.167
445698416
1182861405


1
0.008267
0
1000000


