*************
1000
1
0.000206
22978
20105


1
0.001653
250419
250419


1
0.000371
8715
9976


1
0.006628
499500
160461


1
5.8e-05
0
2000


*************
5000
1
0.001072
119909
99790


1
0.030304
6279680
6279680


1
0.001908
55177
61808


1
0.155381
12497500
2634734


1
0.000159
0
10000


*************
10000
1
0.002086
232381
184624


1
0.126667
25012047
25012047


1
0.003897
120408
133616


1
0.512019
49995000
7608614


1
0.00022
0
20000


*************
50000
1
0.013358
1312278
1060638


1
2.43055
623958365
623958365


1
0.01847
718243
784464


1
8.81491
1249975000
70319473


1
0.000953
0
100000


*************
100000
1
0.039752
6202875
5589004


1
9.88985
2500995693
2500995693


1
0.029269
1536234
1668928


1
34.2989
704982704
171072541


1
0.001749
0
200000


*************
500000
1
1.50237
192772657
189749641


1
245.471
2221148582
2221148582


1
0.138738
8837251
9475712


1
693.391
445698416
1186489547


1
0.007966
0
1000000


